911012146603	1	3.1267019	101.6778649	570	60	1-8945023279	BNR	PSTN	1KLZ100	24
911012146603	0	0	0	720	60	L-8945023279	NA	NA	NA	0
890618105689	0	0	0	690	60	L-8946850013	NA	NA	NA	0
890618105689	1	3.1306917	101.6653977	810	60	1-8946850013	DM	PSTN	1KLZ100	46
890426015259	1	3.1418562	101.6642724	570	60	1-8951131053	DM	ADSL	1KLZ100	19
890426015259	0	0	0	680	60	L-8951131053	NA	NA	NA	0
871111115809	0	0	0	780	60	L-8944390525	NA	NA	NA	0
871111115809	1	3.1600827	101.6735018	810	60	1-8944390525	DM	ADSL	1KLZ100	39
860525465055	1	3.1500811	101.6614587	570	60	1-8947466154	DM	ADSL	1KLZ100	35
860525465055	0	0	0	720	60	L-8947466154	NA	NA	NA	0
850618035733	0	0	0	720	60	L-7934268090	NA	NA	NA	0
850618035733	1	3.1474519	101.691643	840	60	1-7934268090	BRF	VDSL	1KLA100	21
830317145893	1	3.1352982	101.6704564	540	60	1-7936577798	BNR	FTTH	1KLA100	35
830317145893	0	0	0	630	60	L-7936577798	NA	NA	NA	0
820224146185	1	3.1509723	101.6537792	570	60	1-7930617755	DM	FTTH	1KLA100	7
820224146185	0	0	0	810	60	L-7930617755	NA	NA	NA	0
510203055205	1	3.144922	101.6558032	840	60	1-7930571435	DM	FTTH	1KLA100	10
510203055205	0	0	0	930	60	L-7930571435	NA	NA	NA	0
870415085421	1	3.1666396	101.6535563	620	60	1-7934247614	DM	VDSL	1KLA100	34
870415085421	0	0	0	780	60	L-7934247614	NA	NA	NA	0
861015295759	0	0	0	630	60	L-7934247667	NA	NA	NA	0
750606035535	0	0	0	810	60	L-7934247690	NA	NA	NA	0
881120565253	0	0	0	600	60	L-7934247625	NA	NA	NA	0
880810116039	0	0	0	630	60	L-7934247661	NA	NA	NA	0
870830035261	0	0	0	800	60	L-7934247632	NA	NA	NA	0
